0.000000 0.000000 0.600000 0.000000 0.000000 0.000000
0.051212 0.059143 0.562445 0.212589 0.000000 2.427942
0.192562 0.002183 0.592580 0.456047 0.000000 1.582133
0.183242 -0.073956 0.502092 0.579265 0.000000 1.187194
0.058240 -0.229503 0.534536 0.615927 0.000000 0.248519
-0.129272 -0.239823 0.592439 0.606847 0.000000 -0.494382
-0.085503 -0.127950 0.488994 0.489310 0.000000 -0.589100
0.214336 -0.151257 0.490091 0.735194 0.000000 0.956254
0.122152 -0.042305 0.421642 0.528006 0.000000 1.237396
0.160076 -0.192771 0.515955 0.670491 0.000000 0.693003
0.029976 -0.133263 0.501535 0.425339 0.000000 0.221254
