0.000000 0.000000 0.500000 0.000000 0.000000 0.000000
-0.170086 -0.226827 0.409985 0.828663 0.000000 -0.643403
-0.016759 -0.004611 0.379837 0.075483 0.000000 -1.302321
0.114353 0.079897 0.353946 0.599908 0.000000 2.180638
-0.017346 0.004701 0.478308 0.054687 0.000000 -1.835456
0.048257 0.158784 0.488832 0.455444 0.000000 2.846549
0.035035 0.211523 0.366892 0.779631 0.000000 2.977452
0.121783 0.174161 0.390050 0.724635 0.000000 2.531366
-0.057455 0.001573 0.304141 0.356912 0.000000 -1.598172
0.218131 0.002733 0.329173 0.883181 0.000000 1.583327
-0.106288 -0.142359 0.314988 0.822364 0.000000 -0.641334
