0.000000 0.000000 0.600000 0.000000 0.000000 0.000000
-0.124087 0.142935 0.590922 0.405497 0.000000 -2.426665
-0.089130 0.114098 0.490593 0.401951 0.000000 -2.478439
0.096031 0.110235 0.592699 0.318965 0.000000 2.424947
0.097796 0.237939 0.478864 0.663821 0.000000 2.751628
-0.171734 -0.093170 0.479906 0.534686 0.000000 -1.073711
-0.141263 0.223460 0.535095 0.601606 0.000000 -2.577859
-0.016150 0.109911 0.409189 0.404927 0.000000 -2.995699
-0.157901 -0.059568 0.428377 0.544994 0.000000 -1.210052
-0.116417 0.187737 0.548161 0.506528 0.000000 -2.586520
0.076554 0.202964 0.597255 0.451580 0.000000 2.780913
