##################
[0.30682458 0.         0.45      ]
[-0.70314042  0.70314042  0.07479003 -0.07479003]
(0.3642796249800495, -0.541266666868478, -0.0008818144004247664, -1.2064595410630823, 0.07261041671317753, 0.35835050429078447)
##################
##################
[0.32039701 0.11039701 0.45      ]
[ 0.91103024 -0.37736108 -0.06360206  0.15354896]
(0.6621590804247827, -0.6133510338012733, -0.0007352098510016642, -1.2650687131434246, -0.04304558238588931, -0.11684375024202313)
##################
##################
[0.21       0.18540496 0.45      ]
[0.98096837 0.         0.         0.19416759]
(1.0642030569595584, -0.5067545958212254, -0.0007525471689172372, -1.3891369315985542, -0.18846193499510003, -0.47702094180113763)
##################
##################
[0.06968785 0.14031215 0.45      ]
[0.90403192 0.37446228 0.07889619 0.19047226]
(1.5236153303341946, -0.21955742473609233, -0.0007039642448231042, -1.6250388857181972, -0.3040851110648091, -0.792200784021983)
##################
##################
[0.21       0.18540496 0.45      ]
[0.98096837 0.         0.         0.19416759]
(1.0642030568465173, -0.5067545959951226, -0.0007525473847267733, -1.389136931718415, -0.18846193496231775, -0.4770209418320808)
##################
##################
[0.32039701 0.11039701 0.45      ]
[ 0.91103024 -0.37736108 -0.06360206  0.15354896]
(0.6621590804552652, -0.6133510335452318, -0.0007352094712303529, -1.2650687126038136, -0.04304558250607624, -0.11684375023264733)
##################
##################
[0.30682458 0.         0.45      ]
[-0.70314042  0.70314042  0.07479003 -0.07479003]
(0.36427962329731034, -0.5412666317657084, -0.0008817869777270721, -1.206459535152659, 0.07261041088107924, 0.35835050651335343)
##################
##################
[ 0.35142136 -0.14142136  0.45      ]
[-0.37434691  0.90375338  0.19178953 -0.07944182]
(-0.02385855548949912, -0.6769441472930964, -0.0007147769193398407, -1.1774897495610834, 0.2820520475298519, 0.7235796603919725)
##################
##################
[ 0.21 -0.2   0.45]
[6.78773431e-17 9.78215607e-01 2.07591488e-01 1.44045531e-17]
(-0.3366076588403836, -0.5049569240796594, -0.000939875291605685, -1.1898887255880832, 0.3920721104787039, 1.2123276905585938)
##################
##################
[ 0.06857864 -0.14142136  0.45      ]
[0.37434691 0.90375338 0.19178953 0.07944182]
(-0.433722950897426, -0.13216297911824584, -0.0011650667029410493, -1.2733766952281274, 0.3901301804877184, 1.956920639653841)
##################
##################
[1.0000000e-02 2.4492936e-17 4.5000000e-01]
[0.69170289 0.69170289 0.14678935 0.14678935]
(-0.07680139776763074, 0.2220337534454028, -0.0008426381799394694, -1.3664583096939156, 0.034864858977146154, 3.0723222769944285)
##################