##################
[0.23420615 0.         0.15      ]
[-0.70484539  0.70484539  0.05650645 -0.05650645]
(0.28093572001823175, -0.5994685335002516, -1.3459295497144128, 0.22079262392782936, 0.04417525461418829, 0.2775279301271318)
##################
##################
[0.23759925 0.02759925 0.15      ]
[ 0.91640593 -0.37958777 -0.04857713  0.11727557]
(0.396417266989863, -0.6819183363359135, -1.140850581353991, 0.01571688536843613, -0.09565820851422113, -0.3776235152370078)
##################
##################
[0.21       0.04635124 0.15      ]
[0.98879344 0.         0.         0.14929013]
(0.551045313643228, -0.4559983092220547, -1.5796065542632853, 0.3044246051917587, -0.2542729228769619, -0.9992118848541885)
##################
##################
[0.17492196 0.03507804 0.15      ]
[0.91212351 0.37781393 0.06085429 0.14691525]
(0.6160493524482279, -0.19155589726500966, -2.1697304034006173, 0.8461903001618276, -0.3146759210210521, -1.7489918554255333)
##################
##################
[0.21       0.04635124 0.15      ]
[0.98879344 0.         0.         0.14929013]
(0.5510453136428026, -0.4559983092218191, -1.5796065542644273, 0.30442460519433, -0.2542729228772012, -0.9992118848550425)
##################
##################
[0.23759925 0.02759925 0.15      ]
[ 0.91640593 -0.37958777 -0.04857713  0.11727557]
(0.39641726698957963, -0.6819183363385676, -1.1408505813501821, 0.01571688536326684, -0.09565820851301461, -0.3776235152369938)
##################
##################
[0.23420615 0.         0.15      ]
[-0.70484539  0.70484539  0.05650645 -0.05650645]
(0.280935477165401, -0.5994708985340248, -1.3459255628055562, 0.22079068738880522, 0.04417526542657053, 0.27752767204344964)
##################
##################
[ 0.24535534 -0.03535534  0.15      ]
[-0.37774202  0.9119499   0.1479891  -0.06129909]
(0.09495007536793128, -0.8075650384520672, -0.940245728598549, -0.03215107546416008, 0.24627069528450252, 0.8543663992797035)
##################
##################
[ 0.21 -0.05  0.15]
[0.         0.98708746 0.16018224 0.        ]
(0.031564115141089887, -0.5159568533888651, -1.6341544113367528, 0.5898470492090295, 0.3215747246860168, 1.6040678436459463)
##################
##################
[ 0.17464466 -0.03535534  0.15      ]
[0.37774202 0.9119499  0.1479891  0.06129909]
(0.14276986687135093, -0.3328236295841054, -2.2043803274129887, 1.2271853792414402, 0.19065783341388282, 2.5240408120498627)
##################
##################
[1.600000e-01 6.123234e-18 1.500000e-01]
[0.69797623 0.69797623 0.11326595 0.11326595]
(0.43956517872772755, -0.207311622230416, -2.4503891076773554, 1.3798849412024083, -0.13498835405803053, 3.5612077760503182)
##################