##################
[0.2438886 0.        0.2      ]
[-0.70461806  0.70461806  0.05927387 -0.05927387]
(0.2691811427222008, -0.6640307934839478, -0.7020073219749288, -0.36662965317191404, 0.0444308337863618, 0.26557367612976795)
##################
##################
[0.24863895 0.03863895 0.2       ]
[ 0.91567681 -0.37928575 -0.05088151  0.12283882]
(0.4238034589705455, -0.9492861944215348, -0.11293904412186956, -0.7584452162270939, -0.09342154115478402, -0.34986127896499103)
##################
##################
[0.21       0.06489174 0.2       ]
[0.98772094 0.         0.         0.15622851]
(0.6277294058760036, -0.41791041943715723, -1.0794380512464876, -0.26172568673857816, -0.2524691140683909, -0.919108457827656)
##################
##################
[0.16089075 0.04910925 0.2       ]
[0.91100896 0.37735227 0.06365435 0.1536752 ]
(0.7475477401365194, 0.1532750486870262, -1.89125739979332, 0.18034458191946764, -0.3339855223197977, -1.6108724465550477)
##################
##################
[0.21       0.06489174 0.2       ]
[0.98772094 0.         0.         0.15622851]
(0.6277294058740089, -0.41791041944233664, -1.0794380512522677, -0.261725686739649, -0.25246911406775246, -0.9191084578279696)
##################
##################
[0.24863895 0.03863895 0.2       ]
[ 0.91567681 -0.37928575 -0.05088151  0.12283882]
(0.4238097566782208, -0.9486371202887021, -0.11433302848664689, -0.7577000169350498, -0.09342007786319562, -0.34985519191687353)
##################
##################
[0.2438886 0.        0.2      ]
[-0.70461806  0.70461806  0.05927387 -0.05927387]
(0.2691810687943584, -0.6640317698096599, -0.7020052654141621, -0.366630765011399, 0.04443082532820944, 0.26557360170280414)
##################
##################
[ 0.25949747 -0.04949747  0.2       ]
[-0.37727408  0.9108202   0.15479    -0.06411612]
(0.048723975146812606, -1.0373544980247216, -0.018738157143269214, -0.7441587131532903, 0.24703706158039923, 0.8055983959864771)
##################
##################
[ 0.21 -0.07  0.2 ]
[0.         0.98586469 0.16754349 0.        ]
(-0.06733692463638768, -1.5234271291726287, 1.1893375639566128, -1.260260514607595, 0.33587567851999556, 1.4994638534612328)
##################
##################
[ 0.16050253 -0.04949747  0.2       ]
[0.37727408 0.9108202  0.15479    0.06411612]
(0.05787719733202563, -1.7141012536007307, 2.024740877152873, -1.6257646968442154, 0.2214902757276232, 2.442653022550535)
##################
##################
[1.40000000e-01 8.57252759e-18 2.00000000e-01]
[0.6971116  0.6971116  0.11847114 0.11847114]
(0.5153262741031467, -1.5403134724778191, 2.302219689715394, -2.037075359808584, -0.16353609164107058, 3.632510945010346)
##################