##################
[0.28261844 0.         0.35      ]
[-0.70341074  0.70341074  0.0722034  -0.0722034 ]
(0.3246439924406036, -0.650157401238822, -0.0018424406653384864, -1.1012296535285782, 0.06344243175008056, 0.3190904844822756)
##################
##################
[0.29279776 0.08279776 0.35      ]
[ 0.91186854 -0.37770831 -0.06150641  0.1484896 ]
(0.5859268686272515, -0.7055913750702567, -0.0014508166713987213, -1.166508022929219, -0.06462157426867395, -0.18986807299401004)
##################
##################
[0.21       0.13905372 0.35      ]
[0.9821763  0.         0.         0.18796199]
(0.923925198483835, -0.5848380275390233, -0.0017351916398621757, -1.2803019546810264, -0.22583914976163885, -0.6139714574744205)
##################
##################
[0.10476589 0.10523411 0.35      ]
[0.90527498 0.37497717 0.07641158 0.18447387]
(1.282310254423686, -0.24445306971477396, -0.0024887584773054193, -1.5184456128474504, -0.3515323085312689, -1.040047268963294)
##################
##################
[0.21       0.13905372 0.35      ]
[0.9821763  0.         0.         0.18796199]
(0.9239251984575712, -0.5848380275875982, -0.0017351916854183695, -1.280301954703554, -0.22583914975295133, -0.6139714574784546)
##################
##################
[0.29279776 0.08279776 0.35      ]
[ 0.91186854 -0.37770831 -0.06150641  0.1484896 ]
(0.5859268686368366, -0.7055913750038595, -0.0014508166061627727, -1.1665080228719107, -0.06462157428793998, -0.18986807299110608)
##################
##################
[0.28261844 0.         0.35      ]
[-0.70341074  0.70341074  0.0722034  -0.0722034 ]
(0.32464399244060366, -0.6501574012388222, -0.0018424406653383474, -1.1012296535285784, 0.0634424317500806, 0.31909048448227556)
##################
##################
[ 0.31606602 -0.10606602  0.35      ]
[-0.37486817  0.90501181  0.18576064 -0.07694458]
(-0.010072704201499966, -0.7677162788065847, -0.001341879594252856, -1.0820423819094847, 0.2780129511868667, 0.7374027271410133)
##################
##################
[ 0.21 -0.15  0.35]
[9.06291452e-17 9.79577723e-01 2.01065872e-01 1.86023301e-17]
(-0.2834021312495336, -0.6039210145075319, -0.002190689162662583, -1.0733646708319446, 0.38712043981306254, 1.2674829066383158)
##################
##################
[ 0.10393398 -0.10606602  0.35      ]
[0.37486817 0.90501181 0.18576064 0.07694458]
(-0.35433630486419976, -0.2391672652658838, -0.0059774033869834445, -1.1454880978723316, 0.36575238059181087, 2.0356817486547625)
##################
##################
[6.0000000e-02 1.8369702e-17 3.5000000e-01]
[0.69266605 0.69266605 0.14217504 0.14217504]
(0.9458544499444858, 0.19215954873095056, -0.004667647658979977, -1.5108409380218788, -0.32396749576411604, 4.046498033417021)
##################