##################
[0.25841229 0.         0.25      ]
[-0.70387524  0.70387524  0.0675252  -0.0675252 ]
(0.28001020960899203, -0.8377917133966778, -0.008412768997421239, -0.9055135709795931, 0.05217501543173618, 0.2753209931993714)
##################
##################
[0.26519851 0.05519851 0.25      ]
[ 0.91332114 -0.37831    -0.05769013  0.1392763 ]
(0.49105954201978697, -0.8688205298042573, -0.004981300068102736, -0.9823663568018975, -0.08720991205735378, -0.281904248090261)
##################
##################
[0.21       0.09270248 0.25      ]
[0.98428006 0.         0.         0.17661475]
(0.7442043056245181, -0.7504016868195194, -0.015199447208621203, -1.0496257011841337, -0.25886327809594856, -0.794761008343975)
##################
##################
[0.13984392 0.07015608 0.25      ]
[0.90744509 0.37587606 0.07185954 0.17348428]
(0.9694040132069561, -1.0248948086486818, 1.3243331209585232, -1.9427171150754514, -0.3711153777580813, -1.373182831090252)
##################
##################
[0.21       0.09270248 0.25      ]
[0.98428006 0.         0.         0.17661475]
(0.7442043226190922, -0.7504074668948962, -0.015186987954412062, -1.0496323896064708, -0.2588632740986657, -0.7947609900380814)
##################
##################
[0.26519851 0.05519851 0.25      ]
[ 0.91332114 -0.37831    -0.05769013  0.1392763 ]
(0.49105954201613267, -0.8688205298197011, -0.0049813000978381145, -0.9823663568453709, -0.0872099120476876, -0.2819042480897628)
##################
##################
[0.25841229 0.         0.25      ]
[-0.70387524  0.70387524  0.0675252  -0.0675252 ]
(0.28001020306954083, -0.8377916667471471, -0.008412680365384926, -0.9055134446301396, 0.05217498135265456, 0.27532100056129755)
##################
##################
[ 0.28071068 -0.07071068  0.25      ]
[-0.37577844  0.90720941  0.17471257 -0.07236832]
(0.014983333034829351, -0.9239162389604842, -0.003908066811620541, -0.907946663653575, 0.26917045041645526, 0.764825395807968)
##################
##################
[ 0.21 -0.1   0.25]
[1.36273824e-16 9.81956387e-01 1.89107521e-01 2.62439405e-17]
(-0.20018290827683047, -0.7896232197798458, -0.029753949866653365, -0.8298553809971115, 0.3724467155259307, 1.3559279765244923)
##################
##################
[ 0.13928932 -0.07071068  0.25      ]
[0.37577844 0.90720941 0.17471257 0.07236832]
(-0.1043954111622556, -1.2296377820295161, 1.6166572629338283, -1.7111145682345035, 0.2927048301565635, 2.2883426751669163)
##################
##################
[1.1000000e-01 1.2246468e-17 2.5000000e-01]
[0.69434802 0.69434802 0.13371921 0.13371921]
(0.713801766200372, -0.8802344733256385, 1.8761274274947937, -2.2730714469351736, -0.24562081776736785, 3.818889373449916)
##################